82.35994336425456
30.929602486048267
32.852049697940515
20.32172169040808
64.9043754744676
-7.935390028246502
85.13067057697904
27.492241279412635
52.337899209313264
39.26448136401957
78.6284825520344
-2.3832363184460448
37.584404307689326
36.166749842626444
71.07669717371506
19.70250085177729
41.03415122633998
24.80925638780845
45.97091617445864
58.40474991546391
19.68575892410281
71.32864532631112
65.7365865736343
56.55736979474297
65.71968683308147
29.27425923899034
42.17352481307109
23.477303012041418
38.83857416860163
57.19817573497828
29.091802710317893
35.87466888231252
29.19502789724921
25.56027024552945
29.561338990753164
44.70871422486527
19.301861981388612
50.39156104979312
83.17545007352703
62.06701569327872
40.58778229568286
24.584533826048766
27.815359243730732
83.92645582363818
46.16857835984867
30.349100128904873
49.39105614735172
93.30586813901337
47.76365590707747
59.19567152327064
51.90391735898403
36.89825353064907
18.722081445490776
36.96511738450381
40.195432632380104
58.49233339719055
64.29661851911362
66.41534786998182
51.56850848084795
65.35824677822674
27.648847357076985
73.81596757036561
56.7973858696142
38.14386479263754
56.23591737036243
43.26185060051572
71.02747591138282
79.95578677771057
95.2682343502627
12.880584283772833
11.785382475119441
33.39728515223162
48.6808525973001
65.15188518567317
52.25960378655692
-1.5106279639520679
37.95730770954745
64.04341677996666
50.292178913380816
62.526257147176565
39.88645271996174
40.38256441461006
49.29091199273054
54.431187885789896
49.5608935629157
47.737198853571556
29.574767415352298
53.68396708538115
47.80188923280305
70.97812988197416
72.57511123773466
49.258597602130706
36.36844614792737
30.309200628552887
54.74037014347459
46.77882157201687
37.09136546186526
46.00272770718768
30.739980589193028
61.054736783661035
34.71604300992204
73.16367721052647
54.280307761188396
58.652306034452536
19.817027547956037
48.89579596034937
62.03279837521432
23.064886158417504
38.876974361916695
45.75013457394725
13.418301634324617
52.24866601697271
64.46169489445577
25.231133360864312
53.06255750927447
14.81748154153907
44.110003286880826
7.837235841824224
70.79260728942027
54.40471237254704
44.433810014857094
27.171282759109328
74.29638639365186
90.2433402328589
2.2664171177247
73.43177270041487
82.43596732242484
52.774269021212945
17.41683525629072
64.8569423035125
40.83883305220254
31.109825560755084
16.70866287965988
57.66236240745295
63.23455791614499
30.658793217364792
56.97325575268753
18.680148038667717
63.44280373304093
46.071047863755346
40.70889524613098
42.65984493182966
64.98438161113496
62.25946771689519
57.177702460112314
48.16712782993988
46.78988594199224
59.22274602596606
50.34737486111097
60.69868235788316
37.86731420908462
-11.001268574464191
68.89296584276653
95.30053188040793
55.151382202077386
42.69642963447951
41.86177089039124
42.26175368117937
45.400416390900105
19.193569238821567
33.10682746783476
22.068382964043952
50.722380711918724
38.177253495470154
56.38986045149309
40.98182732592248
67.68570931988856
49.911279730715165
95.38609376630387
1.3836987735048751
30.120916170137114
65.73419850792035
103.15149125654716
39.28140011254442
46.00438684310295
39.79477242218708
75.62351358951462
38.39191914005156
60.641606317196405
37.644563225330565
15.731148629342133
52.21159757065894
56.5732507090125
74.74419529824202
42.459718392401726
30.8006725346157
57.943505222237604
50.53695312146784
51.4552967738207
43.31840781381261
71.6877871098567
53.49833247664165
88.80715029184256
70.5543040668916
60.15814531030483
7.568918165826084
58.85334344679947
54.66649068388237
63.65188847448178
69.02216817826695
35.77980158885469
63.952129224359375
32.06697508656093
89.96219572520779
14.365111670103293
4.504163110827982
7.033410886045694
24.517221564249883
19.260345833126255
89.98981478518377
37.490511544201766
14.118456844318974
70.63080846593522
31.50994940710337
16.552372339547862
65.14429533593389
59.33733006129475
34.99599629202976
77.37342000554825
47.96933633334668
82.1898407737179
56.5630402859978
80.85252743425676
47.51626201778485
16.945878869482247
101.33547892841213
32.44719413640094
40.42672915355538
28.890834386811143
40.32192767381515
50.58139714488128
49.64209411410209
60.20346661476994
86.21963880643804
42.22931484886433
16.638223084732186
17.806683090278426
29.68764608142009
6.493496424764565
63.97568596209668
33.541088036485206
37.84734549903443
44.95649589472591
12.87773023430507
25.189723702151035
60.518365090823366
59.226400008084745
34.807045593885334
86.64230302488549
14.968280781172037
37.06529416643547
39.6906859078842
-19.24095500337043
89.56316271316983
53.42563633442134
20.974444216120794
92.17698918572123
58.4702260039648
54.879101220505184
31.03903684139894
47.44312265281001
9.90935272672477
63.28560017177143
36.38791866660593
48.08310852075633
72.64726183059324
51.549206549528336
51.036751245655175
51.35948401091022
28.134753110407804
64.22810854698818
80.49725954850312
62.45253018225241
65.35290273269231
24.82252506488167
25.04089387392271
11.859851441287681
73.34182062905403
39.153863045030526
77.19641067706267
27.016031298203586
34.937293394942635
47.194777005398926
66.19335157916876
46.39725450338865
49.85586936517748
45.380134048029156
49.07531756634709
19.321189588650878
46.86132332238541
40.70868314923628
43.693036939625514
56.32374078654292
29.344402756795628
43.056315369693515
38.160676696209414
54.59794611442184
63.04972497335856
23.02521896540515
58.47593991536016
92.5130163650332
11.16339070584963
25.90604640775238
24.746715203584067
38.580752404504324
82.32552897694202
45.30711155598506
29.022047308393795
59.30148059902817
31.20449578537051
70.83847972650452
52.02114192561225
76.94192611651617
29.78908240748057
114.7097135845567
63.96544637576952
60.05534350949411
43.822665705023724
28.31126625990817
25.041320414657424
41.87252149968644
26.662794933658017
51.501541381713665
25.999759067511636
59.28490211929719
66.99079919486802
28.76566832974747
72.43177955835796
39.5273354776998
71.57162138002917
55.07782598769846
70.81355139811312
22.068544702817302
42.54373830407782
78.38287299359152
30.785152503323687
-1.8556281906582868
0.32044882604152036
-12.648135011549407
-3.6257702040869972
35.532299246664905
74.40614590535961
34.82872657119702
52.44112913283294
42.470195726237044
45.19662574502857
41.13142668587153
40.99385208091621
55.606774299471404
17.952398556849747
68.23292507869866
66.16041246469855
40.51368115985427
63.524048757340175
28.86907819608493
32.64387045086722
48.594068556211916
40.624916423048184
34.679025248552676
29.533695107908287
32.177621398921005
66.60088111651922
0.3035616696278822
53.10737038049466
39.5619501083013
61.73971049999192
56.84669311370541
-18.99829275601722
58.4468720409808
52.458307599313684
45.50284524241071
34.2205022256085
64.62546810497932
35.50032587664626
87.1985054129428
57.980805676369215
94.17004555110809
26.932718070834582
4.613710274644411
61.44016074217375
64.61219341968159
45.81328223225942
9.607755347873209
34.69841075152927
59.2136672801677
40.763944509963856
42.33234073413489
40.96444372077969
23.51996292059047
32.740532500077215
12.189225328027767
85.66307881115361
34.066423871826416
55.98503418180382
21.496623273249885
63.2741495108249
1.9172975143880677
66.17414771526398
44.18653772778965
93.54391623281631
14.949716324587577
46.75675104367062
53.44633171932889
73.35668142465346
35.27428988801216
46.98868135005861
-4.276734768779477
25.906116127477716
55.387166862770556
70.3960095049739
38.5200658114909
92.29617703356075
85.48573220832915
43.60499268917937
-10.510569026997118
4.115973356462291
27.109246987569506
70.66434548225588
52.136262619026645
-3.1676997731246814
39.738385935986265
82.10731161495166
36.37949219203899
27.750698802659677
92.25635435791666
46.228419346362
33.97938672792016
53.05384465305042
45.39478870660404
35.129727600592844
72.79449555669515
70.66114146404318
64.33981583724538
42.63359399580864
71.3787086571881
43.856840679350455
55.732795146263335
68.77479796260852
63.60342028611069
86.16435771374424
55.37953236892393
6.266620325030544
18.31608758540765
76.0524568296797
37.38048709154955
53.8904003380611
25.416519899790984
68.02027274464692
36.14885827684582
78.53648948801896
32.75861751934192
70.717068124507
60.511110410879986
28.38498617547453
70.27691565318511
24.262406719052045
26.08325465520221
61.59935971859193
30.617133966282275
31.341609453146276
37.09028368816097
21.99610863293214
69.03487142249963
58.995838065151545
43.40543997611889
42.50698245500858
55.35357679364512
85.60270731193864
65.03230545824158
33.305485911665784
62.880641720723844
42.26826304162895
40.42304177251434
87.92884162849887
35.36442835340317
33.97874695206966
0.10157839335965235
12.746429654577852
55.37582759089577
29.0168192727395
56.85451744101454
19.357965795583453
27.351873994370102
60.51512625998809
78.60052475065079
58.62687443275246
72.55010935958877
84.20566594156536
68.9220505225442
23.8758791190994
42.577071612326534
59.49450042575295
35.45852127037058
55.39475885838813
8.679405435927293
25.941556486302666
57.164234148459
-6.452989755586827
19.522612447455295
44.59247868806673
5.453927083750969
46.31378290988812
26.610407714089522
38.293324303480844
39.043394371787755
49.35374354384913
32.03285910460704
47.06278736841958
31.17339358506418
57.78969073177986
83.95760960562586
49.5280049227567
48.90699287299415
18.22781666329235
60.94742319018884
27.564451443206657
26.396514481141043
57.82110741573477
49.16389112023103
70.46503537182844
78.1861693554151
32.58732406934267
47.95267077358672
85.48954922223241
67.23040275526832
61.400128156975185
75.04273949811531
31.094131709219354
59.64141841653651
77.4128279553722
82.28098256930019
26.457749200208845
39.21149322447724
53.80244899566037
38.353061110774235
35.98822648441489
60.73203054818492
36.87157039405867
3.8780035024065356
53.32248826431007
35.236665816868666
28.174787420202332
8.98802253491418
68.31791674034923
-6.2235905325503325
5.915327091387198
38.6555405610937
73.26597846996603
75.12323583070102
18.435399396624618
40.91445949237833
10.259503372985918
68.2577624668229
11.039058808035854
41.70649786483354
68.75862691584427
39.8844773438121
78.81368790799203
24.989810866610405
53.491380799578096
64.62549027394587
41.78663019985533
76.88522807766533
57.60698044782844
7.338659360808144
136.04786219287314
59.918803814085344
47.46889575794256
12.827305170671046
46.880659832529176
34.42131489066419
59.82013431869741
53.5484166978729
87.61921815659571
48.27178156810531
56.81062603973659
53.56650758476317
41.58473452963395
40.78179546163945
70.32300466137508
62.94062411278848
30.52284310676306
19.390969631621225
43.44956942622235
