72.23821654593834
31.98838455429864
33.4929084592578
23.68656480118893
58.57733732784421
1.5723034561549127
74.40661175589665
29.29827578388815
48.742703729027774
38.51133324140662
69.31794286680953
5.917467229042231
37.19649032775686
36.08702161596852
63.40784996203787
23.201957188347443
39.89629226409215
27.198548477415308
43.75984744088067
53.4906738468848
23.188854810167417
63.60502677711305
59.22863297067032
52.044898100233624
59.21540708675941
30.692898534862003
40.78797594066433
26.156150183336763
38.17801456673171
52.54639840128735
30.550106468944435
35.858436516592405
30.63089139784721
27.786298453023047
30.91756964493726
42.772037219459776
22.888413724564998
47.21948256070766
72.87643918797767
56.35679489039204
39.546960057490935
27.022678646472947
29.551150712484922
73.46418281849944
43.91453958596852
31.53407836175164
46.436478724014385
80.80459245661916
45.16286114466932
54.10965597473354
48.40306575920489
36.65950276311666
22.434672435601478
36.7118309965682
39.239903799253995
53.55921744127956
58.101701449741086
59.75983746346403
48.140571854576656
58.932540956873105
29.42083706206025
65.55162679419918
52.23273676752416
37.63432896815112
51.793326637674944
41.639709165621
63.369328974125686
70.35670269559958
82.3403573175969
17.863065961213522
17.00595150226739
33.91961446696388
45.88066725006095
58.77104058009205
48.681429050348896
6.600378115167942
37.48832777268931
57.90354356693043
47.1417052365589
56.716201245616446
38.99809343301354
39.386354759260044
46.358105037789116
50.380929649748616
46.569394962281855
45.14215562453426
30.928078846797447
49.79614815377655
45.192782877845865
63.330710342414555
64.58052183822713
46.33281551471099
36.24487089837795
31.502852665823998
50.62289837315403
44.39212123027407
36.81063383972064
43.784743423016444
31.83998480893367
55.56457661329994
34.95168583385203
65.04113868649898
50.2628495522344
53.684413418267205
23.291586776661248
46.04888379505603
56.330016119732946
25.833389167457177
38.208066891934806
43.58706184048045
18.283888235558397
48.67286905676125
58.2308916565306
27.528713065024245
49.309827615953935
19.378898597726227
42.30348083321108
13.916097615340696
63.185518748241954
50.3602096828629
42.55689479423599
29.04709085495513
65.92760674285798
78.40783148658522
9.556326439958461
65.25095254815076
72.29771355668032
49.084210538340564
21.41317541796665
58.540215715792385
39.74343456259329
32.12942869972137
20.85895355799469
52.90967492757188
57.27052358654826
31.776446865763752
52.370374067320675
22.40185498678343
57.433498573684204
43.83821137163462
39.64174410566772
41.168574294475384
58.63995082610562
56.507409517570146
52.53037583834877
45.47862177995295
44.40078030242871
54.13084471597344
47.18490206521728
55.28592532356073
37.417898076674916
-0.8270797539285013
61.698842833469456
82.36563364553663
50.94455998423447
41.197205800897
40.543994609871405
40.85702462005342
43.313369349400084
22.80366288255601
33.6922997574359
25.053517102295267
47.47838490497987
37.66045925732447
51.91380383160329
39.855343124634985
60.75403338078236
46.84361022403795
82.4325951214552
8.865503387960338
31.355499611411656
59.2267640496768
88.50986272251517
38.52457400112172
43.786041877211005
38.926343634755106
66.96622802657666
37.82845845743166
55.24125711780588
37.24357121982392
20.093942405572104
48.64385896834178
52.05732664183587
66.27806588558072
41.011953524488305
31.887482853177502
53.129699739142474
47.333267660279176
48.051971388207505
41.683971332549
63.886094259887855
49.65086889476303
77.28385675013766
62.99902057408909
54.86289632980378
13.706109868907369
53.84174704532132
50.56507966564707
57.59713011046401
61.79995770473066
35.78419254779932
57.83210113210734
32.878502241656385
78.18780535016262
19.024870002689532
11.307605912821899
13.287017215166198
26.969999485065127
22.855922825924896
78.20942026666555
37.123009034592684
18.831835791206153
63.058893582036255
32.44256910121133
20.736639222254848
58.76510069768739
54.22051917840459
35.1707797068059
68.33572000434211
45.32382843479306
72.1050927794314
52.04933587599828
71.05849973115747
44.969248535657705
21.04460085437741
87.08863568310515
33.17606497631378
39.42091846799986
30.392826911417416
39.33889991863795
47.3680499394723
46.63294321973207
54.89836517677647
75.2588477615602
40.83163770780686
20.80382676196432
21.718273722826595
31.01641867241572
12.864475462859222
57.85053683990175
34.03215585464059
37.402270390548686
42.965953308915935
17.860832357282227
27.49630550603124
55.144807462383504
54.13370435415328
35.02290524738852
75.58962845425822
19.496915393960727
36.79023021721037
38.84488462356155
-7.275530002637723
77.87551864508944
49.593976261721046
24.197391125659752
79.92112197143399
53.541916003102884
50.73147052039536
32.07402883239917
44.91200903263392
15.537754307871559
57.31046969964721
36.26011026082203
45.41286753798322
64.6369875195947
48.125465995283044
47.724414018338834
47.9769874867993
29.80111112988437
58.04808494981684
70.78046399448071
56.65850188176276
58.9283586603679
27.20893265947261
27.37982998828734
17.064231562746883
65.18055527491185
38.42476238306737
68.19719096465775
28.92558971163759
35.12483830908554
44.71765156944264
59.586101235871205
44.093503524391124
46.8002455901389
43.297496211501084
46.18937896496729
22.9035396780746
44.45668781751901
39.64157811679361
41.97715934405475
51.86205800685968
30.747793461840054
41.47885550671666
37.64748611007693
50.51143608954752
57.125871718280614
25.802345277273595
53.54638775984708
80.18409976393902
16.51917533501275
28.05690588432795
27.149603202804922
37.976241012220775
72.21128354717202
43.24034817424918
30.495515284829928
54.19246307750031
32.20351844072475
63.22141891639484
48.49480672439219
67.99802913466483
31.095803623245665
97.55542802269655
57.842523250602234
54.782442746560605
42.078607943062046
29.939251855580306
27.380163802775375
40.55240813018939
28.649143861123665
48.08816282047157
28.130246226748234
54.17948861510215
60.21019067424454
30.29487086675889
64.46834921958448
38.71704515646071
63.795181949588056
50.88699425124227
63.20190978982766
25.053643680465715
41.07770823797395
69.12572669063684
31.87533674173158
6.330377937745688
8.033394733423798
-2.1159317481691033
4.94504940549713
35.59049506260732
66.013505491151
35.03987296876289
48.823492364825775
41.02015317705508
43.15388101784844
39.97242088459511
39.864753802456164
51.30095379958631
21.832311914056326
61.18228919202504
59.56032279845974
39.48896786423378
57.49708163617927
30.37580032737082
33.329985570243906
45.8127493048615
39.5760215484725
34.92271541191079
30.895935301841266
32.96509500785122
59.90503739553678
8.020178697969648
49.344898558648
38.74413486736624
56.10064299999368
52.27132504550858
-7.085620417752608
53.523638988593675
48.83693638207158
43.39353105927794
34.56387130699795
58.3590619952012
35.56547242520142
76.02491727969436
53.158891398897644
81.48090521391069
28.860388055435763
11.393338475808669
55.86621275474468
58.348673111055156
43.63648174698563
15.301721576596425
34.937886675109866
54.12373961056603
39.68482613823258
40.912266661496865
39.84173856408845
26.189536198722976
33.405634130495216
17.322002430630423
74.82327906959847
34.44328824751632
51.59698327271603
24.606052996456434
57.30150831281948
9.283102402564573
59.571072124989215
42.36337735218321
80.99089096481278
19.48238668880767
44.37484864287266
49.610172649909565
65.19218546277227
35.388574694966046
44.55635931743717
4.435598876607365
28.05696044759126
51.129087109994344
62.875137873457845
37.92874715681897
80.01439941756928
74.68448607608369
41.90825514805342
-0.4430540211281766
11.003805235492226
28.99854112070657
63.08513994263504
48.58490118010781
5.303539307989382
38.882215080337076
72.04050474213608
36.25351562855225
29.500546889038006
79.98323384532608
43.96137166237026
34.37517222185056
49.303008858909024
43.30896507473359
35.27543899176831
64.75221391393534
63.082632450120755
58.13550804653987
41.148030083676325
63.644206775190696
42.10535357514384
51.39957881011914
61.60636362291102
57.55919848478228
75.21558429771288
51.12311228872308
12.686920254371728
22.11693811031903
67.30192273627107
37.03690294121269
49.95770461239564
27.67379818244512
61.015865626245414
36.07301952100977
69.24594829497136
33.4197876238328
63.12640114091852
55.13912988677564
29.996945702545283
62.78193398944923
26.770579171432036
28.195590599723467
55.990803258028464
31.743843973612215
32.31082478941883
36.80978723421293
24.996954582294716
61.809899374130154
53.95326457272729
41.75208345957131
41.04894279087628
51.10279922980922
74.7760318093433
58.67745644558036
33.847771583042785
56.99354569447953
40.862118902144395
39.41803269153296
76.59648475273825
35.459117841793784
34.374671527706695
7.862104829585817
17.758075381843536
51.12021289722277
30.4914237786657
52.27744843209834
22.932321057413137
29.188423126028773
55.142272725208066
69.2960628483354
53.66451042563236
64.56095515098252
73.68269508470333
61.721604756773715
26.46807931059953
41.10379517486424
54.3435220723284
35.53275577681176
51.13502867178202
14.575186862899624
28.084696380584695
52.519835420533134
2.73244279997553
23.061174958878055
42.68107027761744
12.050899456848583
44.02817792947766
28.608145167548322
37.751297280985014
38.338308638790416
46.40727755605584
32.85180277751855
44.61435533180662
32.1791775883111
53.009323181392936
73.48856403918546
46.543656026505246
46.05764659625629
22.04785651909836
55.480592061886924
29.35478808598782
28.440750463501686
53.0339101514446
46.258697398441676
62.92915811708312
68.97178471293357
33.28573188035514
45.310785822807
74.6874733043558
60.397706504123036
55.83488290545884
66.51170917243807
32.11714655504123
54.458501369463356
68.36656100855214
72.17642114119145
28.488673287119965
38.46986426263436
49.88887312703855
37.79804782582332
35.94730768345513
55.312023907275154
36.63862030839374
10.817567958405114
49.51325168511223
35.35912976972331
29.832442328854
14.816713288193704
61.2488044054907
2.911972626699736
12.411995114998675
38.03477087389942
65.12120054171255
66.57470630228777
22.21031257127144
39.802620472296084
15.81178524842376
61.20172714794835
16.421872110636755
40.422476589869724
61.59370802109552
38.996547486461644
69.46288618886332
27.339851982564664
49.64542845184373
58.359079344827194
40.485188852060695
67.95365675643374
52.866332524387474
13.52590732584985
114.25484867268334
54.67558559363201
44.932179288824614
17.821369264003426
44.471820738501094
34.721029044867635
54.5983659885458
49.69006524181358
76.35417073124881
45.56052470547372
52.24309863979386
49.704223327205966
40.32718354493091
39.69879644823957
62.81800364803267
57.04048843609533
31.67005112703196
22.958150146486176
41.78661955095662
