66.36518045494863
32.82365379524887
34.077423716048166
25.905470667657443
54.981114439870176
7.476919546795763
68.1721764632472
30.581896486573456
46.78558644085648
38.259444367838846
63.93161905567462
11.097889357535188
37.16374193979739
36.23918467997377
59.00654163503156
25.501630990289538
39.41357688674346
28.832123731179422
42.633206200733895
50.742228205737334
25.49071234180618
59.17085564759421
55.52386080889193
49.537415083528025
55.51283923896618
31.744082112385
40.156646617220275
27.963458486113968
37.98167880560976
49.95533200107279
31.625088724120364
36.04869709716034
31.69240949820601
29.321915377519204
31.931308037447714
41.81003101621648
25.240344770470834
45.51623546725638
66.89703265664807
53.13066240866003
39.12246671457578
28.685565538727456
30.792625593737434
67.3868190154162
42.762116321640434
32.4450653014597
44.863732270011994
73.50382704718263
43.802384287224434
51.25804664561129
46.50255479933741
36.71625230259722
24.8622270296679
36.75985916380684
38.86658649937833
50.79934786773296
54.584751208117574
55.96653121955336
46.283809878813884
55.27711746406092
30.684030885050205
60.79302232849932
49.69394730627013
37.52860747345927
49.327772198062455
40.866424304684166
58.9744408117714
64.79725224633299
74.78363109799741
21.052554967677935
20.338292918556157
34.43301205580323
44.40055604171746
55.142533816743374
46.73452420862408
11.666981762639956
37.40693981057442
54.41961963910869
45.45142103046575
53.43016770468037
38.66507786084461
38.98862896605004
44.798420864824266
48.15077470812385
44.97449580190155
43.78512968711188
31.94006570566454
47.66345679481379
43.82731906487155
58.94225861867879
59.983768198522604
44.77734626225916
36.37072574864828
32.419043888186664
48.352415310961696
43.16010102522839
36.842194866433864
42.653952852513704
32.699987340778065
52.47048051108328
35.29307152821003
60.367615572082485
48.052374626862
50.903677848556
25.576322313884372
44.54073649588002
53.10834676644412
27.69449097288098
38.00672240994567
42.48921820040038
21.403240196298665
46.727390880634374
54.692409713775504
29.107260887520205
47.25818967996161
22.315748831438523
41.419567361009236
17.76341467945058
58.821265623534956
48.13350806905242
41.63074566186332
30.372575712462606
61.10633895238165
71.50652623882102
14.13027203329872
60.542460456792305
66.4147612972336
47.070175448617135
24.01097951497221
54.95017976316032
39.28619546882774
32.94119058310114
23.549127964995574
50.25806243964323
53.892102988790214
32.64703905480312
49.80864505610056
24.83487915565286
54.02791547807017
42.69850947636218
39.20145342138977
40.47381191206282
55.03329235508802
53.25617459797512
49.94197986529064
44.065518149960795
43.16731691869059
51.275703929977865
45.48741838768107
52.238271102967275
37.3482483972291
5.477433538392916
57.58236902789121
74.80469470461387
48.62046665352873
40.4976715007475
39.953328841559504
40.21418718337785
42.26114112450007
25.169719068796674
34.24358313119658
27.044597585246056
45.73198742081656
37.550382714437056
49.42816985966941
39.37945260386249
56.79502781731863
45.20300852003163
74.86049593454601
13.554586156633611
32.29624967617638
55.52230337473067
79.92488560209597
38.2704783342681
42.65503489767584
38.60528636229592
61.97185668881387
37.690382047859714
52.20104759817157
37.20297601651993
22.911618671310087
46.703215806951484
49.54777220152989
61.39838823798392
40.343294603740254
32.739569044314585
50.4414164492854
45.61105638356598
46.20997615683959
40.90330944379083
59.40507854990655
47.542390745635856
70.56988062511472
58.66585047840757
51.88574694150316
17.58842489075614
51.03478920443443
48.30423305470589
54.16427509205334
57.66663142060888
35.9868271231661
54.36008427675611
33.56541853471365
71.32317112513552
22.020725002241278
15.589671594018249
17.239181012638497
28.641666237554272
25.21326902160408
71.34118355555464
37.10250752882724
21.85986315933846
58.71574465169688
33.20214091767611
23.44719935187904
55.137583914739494
51.35043264867049
35.47564975567158
63.11310000361843
43.93652369566088
66.2542439828595
49.541113229998565
65.3820831092979
43.641040446381425
23.703834045314508
78.74052973592096
33.81338748026148
39.01743205666655
31.494022426181182
38.94908326553163
45.64004161622692
45.02745268311006
51.91530431398039
68.8823731346335
40.193031423172386
23.5031889683036
24.265228102355497
32.0136822270131
16.88706288571602
54.37544736658479
34.52679654553383
37.33522532545724
41.97162775742994
21.050693631068523
29.08025458835937
52.120672885319586
51.2780869617944
35.35242103949044
69.15802371188184
22.41409616163394
36.825191847675306
38.537403852967955
0.1037249978018977
71.06293220424119
47.49498021810088
26.331159271383125
72.76760164286166
50.78493000258574
48.442892100329466
32.89502402699931
43.593340860528265
19.114795256559635
53.92539141637267
36.38342521735169
44.01072294831935
60.03082293299559
46.27122166273587
45.93701168194903
46.14748957233275
31.00092594157031
54.54007079151403
65.15038666206726
53.382084901468964
55.273632216973255
28.840777216227174
28.983191656906115
20.3868596356224
60.48379606242654
38.187301985889476
62.99765913721479
30.27132475969799
35.43736525757129
43.43137630786887
55.82175102989267
42.911252936992604
45.16687132511575
42.24791350958424
44.6578158041394
25.252949731728833
43.21390651459918
39.201315097328006
41.14763278671229
49.38504833904973
31.789827884866714
40.732379588930556
37.53957175839744
48.25953007462294
53.771559765233846
27.668621064394664
50.78865646653924
72.98674980328252
19.932646112510625
29.547421570273293
28.791336002337438
37.813534176850645
66.34273628931001
42.200290145207646
31.579596070691608
51.32705256458358
33.002932033937284
58.85118243032903
46.579005603660164
62.83169094555403
32.07983635270472
87.46285668558045
54.36876937550186
51.81870228880051
41.23217328588504
31.116043212983588
28.983469835646147
39.96034010849116
30.040953217603054
46.2401356837263
29.608538522290196
51.316240512585125
56.34182556187045
31.412392388965742
59.890291016320404
38.43087096371726
59.329318291323375
48.57249520936856
58.83492482485639
27.044703067054762
40.39809019831162
63.77143890886403
32.72944728477631
11.441981614788077
12.861162277853168
4.403390209859083
10.28754117124761
35.825412552172764
61.17792124262583
35.366560807302406
46.85291030402148
40.3501276475459
42.12823418154037
39.47701740382926
39.38729483538014
48.91746149965526
24.36025992838027
57.15190766002087
55.80026899871645
39.07413988686148
54.080901363482724
31.479833606142346
33.941654641869924
44.343957754051246
39.146684623727076
35.268929509925655
31.913279418201057
33.637579173209346
56.087531162947315
12.850148914974707
47.28741546553999
38.4534457228052
52.91720249999473
49.726104204590484
0.2619829852061599
50.76969915716139
46.86411365172631
42.32794254939829
34.96989275583163
54.79921832933434
35.80456035433452
69.5207643997453
50.465742832414705
74.06742101159223
30.216990046196468
15.661115396507224
52.72184396228723
54.79056092587929
42.53040145582136
18.918101313830352
35.281572229258224
51.26978300880502
39.23735511519382
40.260222217914055
39.36811547007371
27.991280165602483
34.00469510874601
20.60166869219202
68.51939922466539
34.86940687293027
49.16415272726336
26.67171083038036
53.91792359401624
13.902585335470476
55.809226770824345
41.46948112681934
73.65907580401064
22.401988907339724
43.14570720239388
47.50847720825797
60.49348788564356
35.65714557913837
43.29696609786431
9.862999063839474
29.54746703965938
48.77423925832862
58.562614894548204
37.773955964015805
72.8453328479744
68.4037383967364
41.09021262337785
5.797454982393184
15.33650436291019
30.33211760058881
58.73761661886253
46.65408431675651
10.586282756657816
38.56851256694756
66.20042061844673
36.377929690460206
30.750455740865007
72.81936153777174
42.80114305197522
34.8126435182088
47.252507382424184
42.25747089561133
35.5628658264736
60.12684492827944
58.7355270417673
54.612923372116555
40.456691736396934
59.203505645992244
41.25446131261986
48.99964900843261
57.505303019092516
54.13266540398523
68.84632024809406
48.76926024060256
16.739100211976442
24.59744842526586
62.25160228022589
37.03075245101058
47.79808717699637
29.228165152037597
57.013221355204514
36.22751626750814
63.8716235791428
34.016489686527336
58.77200095076543
52.115941572313034
31.164121418787737
58.48494499120768
28.47548264286003
29.662992166436226
52.82566938169039
32.61986997801018
33.09235399118236
36.84148936184411
26.997462151912263
57.67491614510846
51.127720477272746
40.96006954964275
40.3741189923969
48.75233269150768
68.48002650778608
55.06454703798364
34.37314298586899
53.66128807873294
40.21843241845366
39.015027242944136
69.99707062728189
35.71593153482816
34.81222627308891
12.718420691321512
20.96506281820295
48.76684408101898
31.576186482221413
49.73120702674861
25.27693421451095
30.49035260502398
52.118560604340054
63.91338570694617
50.887092021360296
59.96746262581877
67.56891257058611
57.60133729731143
28.22339942549961
40.41982931238687
51.45293506027367
35.77729648067647
48.779190559818346
18.31265571908302
29.57058031715391
49.93319618377761
8.443702333312942
25.384312465731714
41.734225231347864
16.209082880707154
42.856814941231384
30.006787639623603
37.62608106748751
38.11525719899201
44.83939796337987
33.54316898126546
43.345296109838856
32.982647990259245
50.34110265116078
67.40713669932121
44.95304668875437
44.54803883021358
24.539880432581967
52.40049338490577
30.628990071656517
29.867292052918074
50.3615917928705
44.715581165368064
58.60763176423593
63.64315392744464
33.90477656696261
43.925654852339164
68.40622775362984
56.49808875343586
52.695735754549034
61.59309097703173
32.93095546253436
51.54875114121946
63.13880084046012
66.31368428432621
29.907227739266638
38.22488688552863
47.74072760586546
37.665039854852765
36.122756402879276
52.2600199227293
36.69885025699479
15.181306632004265
47.427709737593524
35.63260814143609
31.027035274044998
18.51392774016142
57.207337004575585
8.59331052224978
16.509995929165562
37.86230906158285
60.434333784760454
61.6455885852398
24.675260476059535
39.33551706024674
19.343154373686467
57.16810595662363
19.851560092197296
39.85206382489144
57.49475668424627
38.66378957205137
64.0524051573861
28.94987665213722
47.537857043203104
54.799232787356
39.904324043383916
62.79471396369478
50.221943770322895
17.438256104874874
101.37904056056945
51.72965466136001
43.610149407353845
21.017807720002857
43.226517282084245
35.10085753738969
51.665304990454835
47.57505436817798
69.79514227604068
44.133770587894766
49.702582199828214
47.586852772671634
39.7726529541091
39.24899704019964
58.515003040027224
53.70040703007944
32.5583759391933
25.298458455405147
40.98884962579719
